GENERAL INFO

network size: 12
freq min: 5
freq max: 17
number of channels: 13
globally blocked freq: [  ]

co site separetion: 2
co cell separetion: 3

bcch->bcch: 2
bcch->tch: 1
tch->bcch: 2
tch->tch: 1


NETWORK

tx: 0
site: A
cell: 1
type: bcch
blocked freq: [  ]

tx: 1
site: A
cell: 2
type: bcch
blocked freq: [  ]

tx: 2
site: A
cell: 2
type: tch
blocked freq: [  ]

tx: 3
site: A
cell: 2
type: tch
blocked freq: [  ]

tx: 4
site: A
cell: 3
type: bcch
blocked freq: [  ]

tx: 5
site: A
cell: 3
type: tch
blocked freq: [  ]

tx: 6
site: B
cell: 4
type: bcch
blocked freq: [  ]

tx: 7
site: B
cell: 4
type: tch
blocked freq: [  ]

tx: 8
site: B
cell: 5
type: bcch
blocked freq: [ 5, 6 ]

tx: 9
site: C
cell: 6
type: bcch
blocked freq: [ 13 ]

tx: 10
site: C
cell: 7
type: bcch
blocked freq: [  ]

tx: 11
site: C
cell: 7
type: tch
blocked freq: [  ]



CHANNELS BLOCKED

0 0 0 0 0 0 0 0 0 0 0 0 0 
0 0 0 0 0 0 0 0 0 0 0 0 0 
0 0 0 0 0 0 0 0 0 0 0 0 0 
0 0 0 0 0 0 0 0 0 0 0 0 0 
0 0 0 0 0 0 0 0 0 0 0 0 0 
0 0 0 0 0 0 0 0 0 0 0 0 0 
0 0 0 0 0 0 0 0 0 0 0 0 0 
0 0 0 0 0 0 0 0 0 0 0 0 0 
1 1 0 0 0 0 0 0 0 0 0 0 0 
0 0 0 0 0 0 0 0 1 0 0 0 0 
0 0 0 0 0 0 0 0 0 0 0 0 0 
0 0 0 0 0 0 0 0 0 0 0 0 0 

SEPARETION

0 2 2 2 2 2 0 0 0 0 0 0 
2 0 3 3 2 2 2 2 0 0 0 0 
2 3 0 3 2 2 2 1 0 0 0 0 
2 3 3 0 2 2 2 1 0 0 0 0 
2 2 2 2 0 3 0 0 0 2 2 2 
2 2 2 2 3 0 0 0 0 2 2 1 
0 2 2 2 0 0 0 3 2 0 2 2 
0 2 1 1 0 0 3 0 2 0 2 1 
0 0 0 0 0 0 2 2 0 0 2 2 
0 0 0 0 2 2 0 0 0 0 2 2 
0 0 0 0 2 2 2 2 2 2 0 3 
0 0 0 0 2 1 2 1 2 2 3 0 

INTERFERENCE COST SAME CHANNEL

0.00 0.00 0.00 0.00 0.00 0.00 0.01 0.01 0.00 0.00 0.00 0.00 
0.00 0.00 0.00 0.00 0.00 0.00 0.55 0.55 0.10 0.00 0.06 0.06 
0.00 0.00 0.00 0.00 0.00 0.00 0.55 0.55 0.10 0.00 0.06 0.06 
0.00 0.00 0.00 0.00 0.00 0.00 0.55 0.55 0.10 0.00 0.06 0.06 
0.00 0.00 0.00 0.00 0.00 0.00 0.00 0.00 0.00 0.06 0.32 0.32 
0.00 0.00 0.00 0.00 0.00 0.00 0.00 0.00 0.00 0.06 0.32 0.32 
0.01 0.55 0.55 0.55 0.00 0.00 0.00 0.00 0.00 0.00 0.25 0.25 
0.01 0.55 0.55 0.55 0.00 0.00 0.00 0.00 0.00 0.00 0.25 0.25 
0.00 0.10 0.10 0.10 0.00 0.00 0.00 0.00 0.00 0.00 0.40 0.40 
0.00 0.00 0.00 0.00 0.06 0.06 0.00 0.00 0.00 0.00 0.00 0.00 
0.00 0.06 0.06 0.06 0.32 0.32 0.25 0.25 0.40 0.00 0.00 0.00 
0.00 0.06 0.06 0.06 0.32 0.32 0.25 0.25 0.40 0.00 0.00 0.00 

INTERFERENCE COST ADJ CHANNEL

0.00 0.00 0.00 0.00 0.00 0.00 0.00 0.00 0.00 0.00 0.00 0.00 
0.00 0.00 0.00 0.00 0.00 0.00 0.19 0.19 0.02 0.00 0.01 0.01 
0.00 0.00 0.00 0.00 0.00 0.00 0.19 0.19 0.02 0.00 0.01 0.01 
0.00 0.00 0.00 0.00 0.00 0.00 0.19 0.19 0.02 0.00 0.01 0.01 
0.00 0.00 0.00 0.00 0.00 0.00 0.00 0.00 0.00 0.00 0.09 0.09 
0.00 0.00 0.00 0.00 0.00 0.00 0.00 0.00 0.00 0.00 0.09 0.09 
0.00 0.19 0.19 0.19 0.00 0.00 0.00 0.00 0.00 0.00 0.08 0.08 
0.00 0.19 0.19 0.19 0.00 0.00 0.00 0.00 0.00 0.00 0.08 0.08 
0.00 0.02 0.02 0.02 0.00 0.00 0.00 0.00 0.00 0.00 0.12 0.12 
0.00 0.00 0.00 0.00 0.00 0.00 0.00 0.00 0.00 0.00 0.00 0.00 
0.00 0.01 0.01 0.01 0.09 0.09 0.08 0.08 0.12 0.00 0.00 0.00 
0.00 0.01 0.01 0.01 0.09 0.09 0.08 0.08 0.12 0.00 0.00 0.00 

